Latitude,Longitude,Elevation,Name
-77.65899999999999,168.141,-4.741,Channel 0
-77.65894763897874,168.1410866884135,-4.823507575757575,Channel 1
-77.65889527792953,168.14117337610097,-4.9060151515151516,Channel 2
-77.65884291685242,168.14126006306222,-4.988522727272727,Channel 3
-77.65879055574733,168.14134674929738,-5.0710303030303026,Channel 4
-77.65873819461434,168.14143343480643,-5.153537878787878,Channel 5
-77.6586858334534,168.14152011958936,-5.2360454545454544,Channel 6
-77.65863347226454,168.1416068036462,-5.31855303030303,Channel 7
-77.65858111104777,168.14169348697698,-5.4010606060606055,Channel 8
-77.65852874980301,168.14178016958166,-5.483568181818182,Channel 9
-77.65847638853036,168.1418668514603,-5.566075757575757,Channel 10
-77.65842402722976,168.14195353261286,-5.648583333333333,Channel 11
-77.65837166590123,168.14204021303937,-5.731090909090908,Channel 12
-77.65831930454479,168.14212689273984,-5.813598484848485,Channel 13
-77.6582669431604,168.14221357171428,-5.89610606060606,Channel 14
-77.6582145817481,168.1423002499627,-5.978613636363636,Channel 15
-77.65816222030786,168.14238692748506,-6.061121212121211,Channel 16
-77.65810985883968,168.14247360428146,-6.143628787878788,Channel 17
-77.65805749734358,168.14256028035186,-6.226136363636363,Channel 18
-77.65800513581958,168.14264695569625,-6.308643939393939,Channel 19
-77.65795277426763,168.1427336303147,-6.391151515151515,Channel 20
-77.65790041268774,168.14282030420716,-6.4736590909090905,Channel 21
-77.65784805107994,168.14290697737366,-6.556166666666666,Channel 22
-77.6577956894442,168.14299364981423,-6.638674242424242,Channel 23
-77.65774332778055,168.14308032152883,-6.721181818181818,Channel 24
-77.65769096608896,168.14316699251748,-6.803689393939393,Channel 25
-77.65763860436944,168.14325366278024,-6.88619696969697,Channel 26
-77.657586242622,168.14334033231708,-6.968704545454544,Channel 27
-77.65753388084666,168.143427001128,-7.051212121212121,Channel 28
-77.65748151904337,168.14351366921304,-7.133719696969696,Channel 29
-77.65742915721215,168.14360033657215,-7.216227272727272,Channel 30
-77.65737679535303,168.1436870032054,-7.298734848484848,Channel 31
-77.65732443346596,168.1437736691128,-7.381242424242424,Channel 32
-77.65727207155099,168.14386033429432,-7.463749999999999,Channel 33
-77.65721970960811,168.14394699874998,-7.546257575757576,Channel 34
-77.65716734763726,168.1440336624798,-7.628765151515151,Channel 35
-77.65711498563851,168.1441203254838,-7.711272727272727,Channel 36
-77.65706262361186,168.14420698776195,-7.793780303030303,Channel 37
-77.65701026155725,168.14429364931428,-7.876287878787878,Channel 38
-77.65695789947475,168.1443803101408,-7.958795454545454,Channel 39
-77.65690553736434,168.14446697024152,-8.04130303030303,Channel 40
-77.65685317522598,168.1445536296165,-8.123810606060605,Channel 41
-77.6568008130597,168.14464028826566,-8.206318181818181,Channel 42
-77.65674845086554,168.14472694618902,-8.288825757575758,Channel 43
-77.65669608864341,168.14481360338667,-8.371333333333332,Channel 44
-77.6566437263934,168.1449002598585,-8.453840909090909,Channel 45
-77.65659136411543,168.14498691560465,-8.536348484848485,Channel 46
-77.65653900180958,168.14507357062502,-8.61885606060606,Channel 47
-77.6564866394758,168.14516022491966,-8.701363636363636,Channel 48
-77.6564342771141,168.1452468784886,-8.783871212121213,Channel 49
-77.65638191472449,168.1453335313318,-8.866378787878787,Channel 50
-77.65632955230696,168.14542018344932,-8.948886363636362,Channel 51
-77.65627718986154,168.14550683484114,-9.03139393939394,Channel 52
-77.65622482738816,168.14559348550728,-9.113901515151515,Channel 53
-77.65617246488688,168.14568013544772,-9.19640909090909,Channel 54
-77.65612010235768,168.14576678466253,-9.278916666666666,Channel 55
-77.65606773980056,168.14585343315167,-9.361424242424242,Channel 56
-77.65601537721555,168.14594008091515,-9.443931818181817,Channel 57
-77.6559630146026,168.146026727953,-9.526439393939393,Channel 58
-77.65591065196175,168.14611337426524,-9.60894696969697,Channel 59
-77.655858289293,168.14620001985182,-9.691454545454544,Channel 60
-77.6558059265963,168.1462866647128,-9.77396212121212,Channel 61
-77.65575356387174,168.14637330884818,-9.856469696969697,Channel 62
-77.65570120111923,168.14645995225797,-9.938977272727271,Channel 63
-77.65564883833882,168.14654659494215,-10.021484848484848,Channel 64
-77.6555964755305,168.14663323690075,-10.103992424242424,Channel 65
-77.65554411269426,168.1467198781338,-10.186499999999999,Channel 66
-77.6554917498301,168.14680651864128,-10.269007575757575,Channel 67
-77.65543938693806,168.14689315842324,-10.351515151515152,Channel 68
-77.65538702401808,168.14697979747962,-10.434022727272726,Channel 69
-77.6553346610702,168.1470664358105,-10.516530303030303,Channel 70
-77.65528229809443,168.1471530734158,-10.599037878787879,Channel 71
-77.65522993509073,168.14723971029565,-10.681545454545454,Channel 72
-77.65517757205912,168.14732634644997,-10.76405303030303,Channel 73
-77.6551252089996,168.14741298187877,-10.846560606060606,Channel 74
-77.6550728459122,168.1474996165821,-10.929068181818181,Channel 75
-77.65502048279689,168.14758625055995,-11.011575757575756,Channel 76
-77.65496811965363,168.14767288381233,-11.094083333333334,Channel 77
-77.6549157564825,168.14775951633922,-11.176590909090908,Channel 78
-77.65486339328343,168.1478461481407,-11.259098484848483,Channel 79
-77.65481103005648,168.14793277921672,-11.34160606060606,Channel 80
-77.65475866680163,168.1480194095673,-11.424113636363636,Channel 81
-77.65470630351885,168.14810603919247,-11.50662121212121,Channel 82
-77.65465394020818,168.1481926680922,-11.589128787878787,Channel 83
-77.65460157686962,168.1482792962665,-11.671636363636363,Channel 84
-77.65454921350315,168.14836592371546,-11.754143939393938,Channel 85
-77.65449685010877,168.148452550439,-11.836651515151514,Channel 86
-77.65444448668647,168.14853917643714,-11.91915909090909,Channel 87
-77.65439212323626,168.14862580170995,-12.001666666666665,Channel 88
-77.65433975975817,168.14871242625736,-12.084174242424242,Channel 89
-77.65428739625222,168.14879905007942,-12.166681818181818,Channel 90
-77.65423503271829,168.14888567317615,-12.249189393939393,Channel 91
-77.6541826691565,168.14897229554754,-12.331696969696969,Channel 92
-77.65413030556678,168.1490589171936,-12.414204545454545,Channel 93
-77.65407794194918,168.1491455381143,-12.49671212121212,Channel 94
-77.65402557830367,168.14923215830973,-12.579219696969696,Channel 95
-77.6539732146303,168.14931877777985,-12.661727272727273,Channel 96
-77.65392085092898,168.1494053965247,-12.744234848484847,Channel 97
-77.65386848719976,168.14949201454425,-12.826742424242424,Channel 98
-77.65381612344268,168.1495786318385,-12.909249999999998,Channel 99
-77.65376375965766,168.1496652484075,-12.991757575757575,Channel 100
-77.65371139584475,168.14975186425124,-13.074265151515151,Channel 101
-77.65365903200397,168.14983847936975,-13.156772727272726,Channel 102
-77.65360666813527,168.14992509376302,-13.239280303030302,Channel 103
-77.65355430423868,168.15001170743102,-13.321787878787879,Channel 104
-77.65350194031419,168.15009832037384,-13.404295454545453,Channel 105
-77.65344957636181,168.15018493259143,-13.48680303030303,Channel 106
-77.65339721238152,168.15027154408384,-13.569310606060606,Channel 107
-77.65334484837335,168.150358154851,-13.65181818181818,Channel 108
-77.65329248433727,168.15044476489302,-13.734325757575757,Channel 109
-77.65324012027331,168.15053137420986,-13.816833333333332,Channel 110
-77.65318775618141,168.15061798280152,-13.899340909090908,Channel 111
-77.65313539206166,168.15070459066803,-13.981848484848484,Channel 112
-77.65308302791401,168.15079119780935,-14.064356060606059,Channel 113
-77.65303066373843,168.15087780422556,-14.146863636363635,Channel 114
-77.65297829953501,168.15096440991664,-14.229371212121212,Channel 115
-77.65292593530367,168.1510510148826,-14.311878787878786,Channel 116
-77.65287357104444,168.15113761912343,-14.394386363636363,Channel 117
-77.65282120675732,168.15122422263917,-14.476893939393939,Channel 118
-77.6527688424423,168.1513108254298,-14.559401515151514,Channel 119
-77.6527164780994,168.15139742749534,-14.64190909090909,Channel 120
-77.6526641137286,168.15148402883582,-14.724416666666666,Channel 121
-77.65261174932992,168.15157062945121,-14.806924242424241,Channel 122
-77.65255938490334,168.15165722934157,-14.889431818181817,Channel 123
-77.65250702044887,168.15174382850682,-14.971939393939392,Channel 124
-77.65245465596651,168.15183042694707,-15.054446969696968,Channel 125
-77.65240229145624,168.15191702466228,-15.136954545454545,Channel 126
-77.65234992691813,168.15200362165245,-15.21946212121212,Channel 127
-77.6522975623521,168.15209021791762,-15.301969696969696,Channel 128
-77.65224519775816,168.15217681345777,-15.384477272727272,Channel 129
-77.65219283313637,168.15226340827294,-15.466984848484847,Channel 130
-77.65214046848668,168.15235000236308,-15.549492424242423,Channel 131
-77.65208810380909,168.15243659572826,-15.632,Channel 132
-77.65208810380909,168.15243659572826,-15.632,Channel 133
-77.65207483461553,168.15257456203952,-15.723666666666666,Channel 134
-77.65206156535237,168.1527125280595,-15.815333333333333,Channel 135
-77.65204829601963,168.15285049378824,-15.907,Channel 136
-77.65204829601963,168.15285049378824,-15.907,Channel 137
-77.65206988203178,168.15312788753366,-15.919654545454545,Channel 138
-77.65209146776377,168.1534052822363,-15.932309090909092,Channel 139
-77.65211305321547,168.15368267789617,-15.944963636363637,Channel 140
-77.65213463838697,168.1539600745133,-15.957618181818182,Channel 141
-77.65215622327824,168.1542374720876,-15.970272727272727,Channel 142
-77.65217780788927,168.15451487061915,-15.982927272727274,Channel 143
-77.65219939222006,168.1547922701079,-15.995581818181819,Channel 144
-77.65222097627061,168.15506967055384,-16.008236363636364,Channel 145
-77.65224256004093,168.15534707195695,-16.02089090909091,Channel 146
-77.65226414353106,168.15562447431725,-16.033545454545454,Channel 147
-77.6522857267409,168.15590187763476,-16.0462,Channel 148
-77.65230730967052,168.1561792819094,-16.058854545454547,Channel 149
-77.65232889231987,168.1564566871412,-16.071509090909093,Channel 150
-77.652350474689,168.1567340933302,-16.084163636363638,Channel 151
-77.6523720567779,168.1570115004763,-16.096818181818183,Channel 152
-77.65239363858653,168.15728890857952,-16.109472727272728,Channel 153
-77.65241522011493,168.1575663176399,-16.122127272727273,Channel 154
-77.65243680136307,168.1578437276574,-16.134781818181818,Channel 155
-77.65245838233095,168.15812113863197,-16.147436363636363,Channel 156
-77.65247996301859,168.15839855056367,-16.16009090909091,Channel 157
-77.65250154342597,168.1586759634525,-16.172745454545456,Channel 158
-77.65252312355308,168.1589533772984,-16.1854,Channel 159
-77.65254470339995,168.15923079210137,-16.198054545454546,Channel 160
-77.65256628296657,168.15950820786142,-16.21070909090909,Channel 161
-77.65258786225291,168.15978562457855,-16.223363636363636,Channel 162
-77.652609441259,168.16006304225272,-16.23601818181818,Channel 163
-77.65263101998482,168.16034046088393,-16.248672727272726,Channel 164
-77.65265259843038,168.16061788047224,-16.261327272727275,Channel 165
-77.65267417659567,168.16089530101755,-16.27398181818182,Channel 166
-77.65269575448072,168.16117272251986,-16.286636363636365,Channel 167
-77.65271733208546,168.16145014497923,-16.29929090909091,Channel 168
-77.65273890940996,168.1617275683956,-16.311945454545455,Channel 169
-77.65276048645416,168.16200499276897,-16.3246,Channel 170
-77.6527820632181,168.16228241809938,-16.337254545454545,Channel 171
-77.65280363970174,168.16255984438672,-16.34990909090909,Channel 172
-77.65282521590517,168.16283727163108,-16.36256363636364,Channel 173
-77.65284679182825,168.1631146998324,-16.375218181818184,Channel 174
-77.65286836747109,168.1633921289907,-16.38787272727273,Channel 175
-77.65288994283364,168.16366955910595,-16.400527272727274,Channel 176
-77.6529115179159,168.16394699017818,-16.41318181818182,Channel 177
-77.65293309271787,168.16422442220733,-16.425836363636364,Channel 178
-77.65295466723958,168.1645018551934,-16.43849090909091,Channel 179
-77.65297624148099,168.1647792891364,-16.451145454545454,Channel 180
-77.65299781544208,168.16505672403636,-16.463800000000003,Channel 181
-77.65301938912292,168.16533415989323,-16.476454545454548,Channel 182
-77.65304096252346,168.16561159670695,-16.489109090909093,Channel 183
-77.65306253564368,168.16588903447763,-16.501763636363638,Channel 184
-77.65308410848364,168.16616647320518,-16.514418181818183,Channel 185
-77.65310568104329,168.16644391288963,-16.527072727272728,Channel 186
-77.65312725332264,168.16672135353093,-16.539727272727273,Channel 187
-77.65314882532171,168.1669987951291,-16.55238181818182,Channel 188
-77.65317039704043,168.16727623768415,-16.565036363636366,Channel 189
-77.65319196847888,168.16755368119604,-16.57769090909091,Channel 190
-77.65321353963702,168.16783112566478,-16.590345454545457,Channel 191
-77.65323511051484,168.16810857109036,-16.603,Channel 192
-77.65323511051484,168.16810857109036,-16.603,Channel 193
-77.65324072804842,168.16811569525495,-16.618625,Channel 194
-77.65324634558178,168.16812281942592,-16.63425,Channel 195
-77.65325196311493,168.16812994360322,-16.649875,Channel 196
-77.65325758064792,168.16813706778692,-16.6655,Channel 197
-77.65326319818074,168.16814419197695,-16.681125,Channel 198
-77.65326881571337,168.1681513161733,-16.69675,Channel 199
-77.6532744332458,168.16815844037606,-16.712375,Channel 200
-77.65328005077806,168.16816556458514,-16.728,Channel 201
-77.65328566831013,168.1681726888006,-16.743625,Channel 202
-77.653291285842,168.16817981302242,-16.75925,Channel 203
-77.65329690337371,168.16818693725057,-16.774875,Channel 204
-77.65330252090524,168.16819406148508,-16.7905,Channel 205
-77.65330813843656,168.16820118572596,-16.806125,Channel 206
-77.65331375596772,168.16820830997318,-16.82175,Channel 207
-77.65331937349869,168.16821543422677,-16.837375,Channel 208
-77.65332499102948,168.16822255848672,-16.853,Channel 209
-77.65333060856008,168.16822968275304,-16.868625,Channel 210
-77.6533362260905,168.16823680702566,-16.88425,Channel 211
-77.65334184362071,168.1682439313047,-16.899875,Channel 212
-77.65334746115077,168.16825105559005,-16.9155,Channel 213
-77.65335307868064,168.16825817988178,-16.931125,Channel 214
-77.65335869621032,168.16826530417984,-16.94675,Channel 215
-77.65336431373981,168.16827242848427,-16.962375,Channel 216
-77.65336993126911,168.16827955279504,-16.978,Channel 217
-77.65336993126911,168.16827955279504,-16.978,Channel 218
-77.65341081475668,168.16797710057796,-16.771179104477614,Channel 219
-77.65345169790953,168.1676746463915,-16.564358208955227,Channel 220
-77.65349258072766,168.16737219023562,-16.357537313432836,Channel 221
-77.65353346321105,168.1670697321104,-16.15071641791045,Channel 222
-77.6535743453597,168.16676727201576,-15.943895522388061,Channel 223
-77.65361522717365,168.16646480995175,-15.737074626865674,Channel 224
-77.65365610865287,168.16616234591834,-15.530253731343285,Channel 225
-77.65369698979733,168.16585987991553,-15.323432835820897,Channel 226
-77.65373787060706,168.16555741194333,-15.116611940298508,Channel 227
-77.65377875108204,168.1652549420017,-14.90979104477612,Channel 228
-77.65381963122226,168.16495247009067,-14.702970149253733,Channel 229
-77.65386051102773,168.16464999621024,-14.496149253731344,Channel 230
-77.65390139049848,168.16434752036042,-14.289328358208957,Channel 231
-77.65394226963443,168.16404504254115,-14.082507462686568,Channel 232
-77.65398314843566,168.16374256275247,-13.87568656716418,Channel 233
-77.65402402690209,168.16344008099438,-13.668865671641793,Channel 234
-77.65406490503376,168.16313759726685,-13.462044776119404,Channel 235
-77.65410578283067,168.1628351115699,-13.255223880597017,Channel 236
-77.65414666029277,168.16253262390353,-13.048402985074627,Channel 237
-77.65418753742013,168.16223013426767,-12.84158208955224,Channel 238
-77.65422841421268,168.16192764266242,-12.634761194029853,Channel 239
-77.65426929067044,168.1616251490877,-12.427940298507464,Channel 240
-77.65431016679345,168.16132265354358,-12.221119402985074,Channel 241
-77.65435104258164,168.16102015603,-12.014298507462687,Channel 242
-77.65439191803502,168.16071765654695,-11.8074776119403,Channel 243
-77.65443279315363,168.16041515509446,-11.600656716417912,Channel 244
-77.65447366793745,168.16011265167248,-11.393835820895523,Channel 245
-77.65451454238642,168.15981014628107,-11.187014925373134,Channel 246
-77.6545554165006,168.1595076389202,-10.980194029850747,Channel 247
-77.65459629027997,168.15920512958985,-10.77337313432836,Channel 248
-77.65463716372452,168.15890261829003,-10.566552238805972,Channel 249
-77.65467803683426,168.15860010502072,-10.359731343283583,Channel 250
-77.65471890960916,168.15829758978197,-10.152910447761194,Channel 251
-77.65475978204924,168.15799507257373,-9.946089552238806,Channel 252
-77.6548006541545,168.15769255339598,-9.739268656716419,Channel 253
-77.6548415259249,168.15739003224877,-9.532447761194032,Channel 254
-77.6548823973605,168.15708750913205,-9.325626865671643,Channel 255
-77.65492326846123,168.15678498404586,-9.118805970149253,Channel 256
-77.65496413922713,168.15648245699018,-8.911985074626866,Channel 257
-77.65500500965817,168.15617992796498,-8.705164179104479,Channel 258
-77.65504587975438,168.15587739697028,-8.49834328358209,Channel 259
-77.6550867495157,168.15557486400607,-8.291522388059702,Channel 260
-77.6551276189422,168.15527232907235,-8.084701492537315,Channel 261
-77.65516848803384,168.15496979216914,-7.877880597014926,Channel 262
-77.65520935679058,168.1546672532964,-7.671059701492538,Channel 263
-77.65525022521248,168.15436471245414,-7.464238805970149,Channel 264
-77.6552910932995,168.15406216964237,-7.257417910447762,Channel 265
-77.65533196105163,168.15375962486107,-7.050597014925373,Channel 266
-77.65537282846896,168.15345707811022,-6.843776119402985,Channel 267
-77.6554136955513,168.15315452938987,-6.636955223880598,Channel 268
-77.65545456229881,168.15285197869997,-6.430134328358209,Channel 269
-77.65549542871145,168.15254942604054,-6.2233134328358215,Channel 270
-77.65553629478914,168.15224687141156,-6.016492537313432,Channel 271
-77.65557716053199,168.15194431481305,-5.809671641791045,Channel 272
-77.65561802593993,168.151641756245,-5.602850746268658,Channel 273
-77.65565889101296,168.15133919570738,-5.3960298507462685,Channel 274
-77.65569975575107,168.1510366332002,-5.189208955223881,Channel 275
-77.6557406201543,168.15073406872347,-4.982388059701492,Channel 276
-77.6557814842226,168.1504315022772,-4.775567164179105,Channel 277
-77.655822347956,168.15012893386137,-4.568746268656717,Channel 278
-77.65586321135446,168.14982636347594,-4.361925373134328,Channel 279
-77.65590407441802,168.14952379112097,-4.155104477611941,Channel 280
-77.65594493714664,168.1492212167964,-3.9482835820895517,Channel 281
-77.65598579954032,168.14891864050227,-3.7414626865671643,Channel 282
-77.65602666159909,168.14861606223857,-3.534641791044777,Channel 283
-77.65606752332292,168.14831348200528,-3.327820895522388,Channel 284
-77.65610838471181,168.14801089980241,-3.121,Channel 285
-77.65610838471181,168.14801089980241,-3.121,Channel 286
-77.65613203328202,168.1479822438416,-3.0974,Channel 287
-77.65615568184919,168.1479535877723,-3.0738,Channel 288
-77.65617933041324,168.14792493159445,-3.0502000000000002,Channel 289
-77.6562029789742,168.14789627530809,-3.0266,Channel 290
-77.6562266275321,168.14786761891318,-3.003,Channel 291
-77.6562266275321,168.14786761891318,-3.003,Channel 292
-77.65624743550624,168.14813327414464,-3.057637931034483,Channel 293
-77.65626824322342,168.14839893026013,-3.1122758620689654,Channel 294
-77.6562890506837,168.1486645872596,-3.1669137931034483,Channel 295
-77.656309857887,168.148930245143,-3.2215517241379312,Channel 296
-77.6563306648334,168.14919590391037,-3.2761896551724137,Channel 297
-77.65635147152288,168.14946156356172,-3.3308275862068966,Channel 298
-77.65637227795543,168.149727224097,-3.3854655172413795,Channel 299
-77.65639308413104,168.14999288551624,-3.4401034482758623,Channel 300
-77.6564138900497,168.1502585478194,-3.494741379310345,Channel 301
-77.65643469571145,168.1505242110065,-3.5493793103448277,Channel 302
-77.65645550111621,168.15078987507752,-3.60401724137931,Channel 303
-77.65647630626408,168.15105554003244,-3.658655172413793,Channel 304
-77.656497111155,168.15132120587128,-3.713293103448276,Channel 305
-77.656517915789,168.15158687259404,-3.767931034482759,Channel 306
-77.65653872016601,168.15185254020068,-3.8225689655172412,Channel 307
-77.65655952428611,168.1521182086912,-3.877206896551724,Channel 308
-77.65658032814925,168.15238387806562,-3.931844827586207,Channel 309
-77.65660113175544,168.1526495483239,-3.9864827586206895,Channel 310
-77.65662193510471,168.15291521946605,-4.041120689655172,Channel 311
-77.65664273819701,168.15318089149207,-4.095758620689655,Channel 312
-77.65666354103233,168.15344656440195,-4.150396551724138,Channel 313
-77.6566843436107,168.15371223819568,-4.20503448275862,Channel 314
-77.65670514593218,168.15397791287327,-4.259672413793103,Channel 315
-77.65672594799666,168.15424358843467,-4.314310344827586,Channel 316
-77.65674674980417,168.1545092648799,-4.368948275862069,Channel 317
-77.65676755135473,168.15477494220897,-4.423586206896552,Channel 318
-77.65678835264835,168.15504062042183,-4.478224137931035,Channel 319
-77.65680915368499,168.15530629951851,-4.5328620689655175,Channel 320
-77.65682995446468,168.155571979499,-4.5875,Channel 321
-77.6568507549874,168.1558376603633,-4.642137931034482,Channel 322
-77.65687155525318,168.15610334211132,-4.696775862068965,Channel 323
-77.65689235526197,168.1563690247432,-4.751413793103448,Channel 324
-77.6569131550138,168.15663470825885,-4.806051724137931,Channel 325
-77.65693395450866,168.15690039265823,-4.860689655172414,Channel 326
-77.65695475374653,168.15716607794138,-4.915327586206896,Channel 327
-77.65697555272745,168.15743176410834,-4.969965517241379,Channel 328
-77.6569963514514,168.15769745115898,-5.024603448275862,Channel 329
-77.65701714991837,168.1579631390934,-5.079241379310345,Channel 330
-77.65703794812836,168.15822882791156,-5.1338793103448275,Channel 331
-77.65705874608138,168.15849451761343,-5.18851724137931,Channel 332
-77.65707954377739,168.15876020819903,-5.243155172413793,Channel 333
-77.65710034121646,168.15902589966834,-5.297793103448276,Channel 334
-77.65712113839852,168.1592915920214,-5.352431034482759,Channel 335
-77.65714193532362,168.15955728525813,-5.407068965517241,Channel 336
-77.65716273199176,168.15982297937853,-5.461706896551724,Channel 337
-77.65718352840287,168.16008867438268,-5.516344827586207,Channel 338
-77.65720432455701,168.16035437027045,-5.570982758620689,Channel 339
-77.65722512045414,168.16062006704195,-5.625620689655172,Channel 340
-77.65724591609433,168.16088576469707,-5.680258620689655,Channel 341
-77.65726671147749,168.1611514632359,-5.7348965517241375,Channel 342
-77.6572875066037,168.16141716265838,-5.78953448275862,Channel 343
-77.65730830147287,168.16168286296448,-5.844172413793103,Channel 344
-77.65732909608506,168.16194856415427,-5.898810344827586,Channel 345
-77.65734989044026,168.16221426622764,-5.953448275862069,Channel 346
-77.65737068453846,168.1624799691847,-6.008086206896552,Channel 347
-77.65739147837967,168.16274567302534,-6.062724137931034,Channel 348
-77.65741227196388,168.1630113777496,-6.117362068965517,Channel 349
-77.65743306529109,168.16327708335749,-6.172,Channel 350
