4.318335850000000210e+05 1.378064939999999944e+06 -4.740999999999999659e+00
4.318353662196969963e+05 1.378070877553030150e+06 -4.823507575757575161e+00
4.318371474393939716e+05 1.378076815106060589e+06 -4.906015151515151551e+00
4.318389286590909469e+05 1.378082752659090795e+06 -4.988522727272727053e+00
4.318407098787879222e+05 1.378088690212121233e+06 -5.071030303030302555e+00
4.318424910984848975e+05 1.378094627765151439e+06 -5.153537878787878057e+00
4.318442723181818146e+05 1.378100565318181645e+06 -5.236045454545454447e+00
4.318460535378787899e+05 1.378106502871212084e+06 -5.318553030303029949e+00
4.318478347575757653e+05 1.378112440424242290e+06 -5.401060606060605451e+00
4.318496159772727406e+05 1.378118377977272728e+06 -5.483568181818181841e+00
4.318513971969697159e+05 1.378124315530302934e+06 -5.566075757575757343e+00
4.318531784166666912e+05 1.378130253083333373e+06 -5.648583333333332845e+00
4.318549596363636665e+05 1.378136190636363579e+06 -5.731090909090908347e+00
4.318567408560606418e+05 1.378142128189393785e+06 -5.813598484848484738e+00
4.318585220757576171e+05 1.378148065742424224e+06 -5.896106060606060240e+00
4.318603032954545924e+05 1.378154003295454429e+06 -5.978613636363635742e+00
4.318620845151515095e+05 1.378159940848484868e+06 -6.061121212121211244e+00
4.318638657348484849e+05 1.378165878401515074e+06 -6.143628787878787634e+00
4.318656469545454602e+05 1.378171815954545513e+06 -6.226136363636363136e+00
4.318674281742424355e+05 1.378177753507575719e+06 -6.308643939393938638e+00
4.318692093939394108e+05 1.378183691060605925e+06 -6.391151515151515028e+00
4.318709906136363861e+05 1.378189628613636363e+06 -6.473659090909090530e+00
4.318727718333333614e+05 1.378195566166666569e+06 -6.556166666666666032e+00
4.318745530530303367e+05 1.378201503719697008e+06 -6.638674242424242422e+00
4.318763342727273121e+05 1.378207441272727214e+06 -6.721181818181817924e+00
4.318781154924242874e+05 1.378213378825757420e+06 -6.803689393939393426e+00
4.318798967121212045e+05 1.378219316378787858e+06 -6.886196969696969816e+00
4.318816779318181798e+05 1.378225253931818064e+06 -6.968704545454544430e+00
4.318834591515151551e+05 1.378231191484848503e+06 -7.051212121212120820e+00
4.318852403712121304e+05 1.378237129037878709e+06 -7.133719696969696322e+00
4.318870215909091057e+05 1.378243066590908915e+06 -7.216227272727271824e+00
4.318888028106060810e+05 1.378249004143939354e+06 -7.298734848484848214e+00
4.318905840303030564e+05 1.378254941696969559e+06 -7.381242424242423716e+00
4.318923652500000317e+05 1.378260879249999998e+06 -7.463749999999999218e+00
4.318941464696970070e+05 1.378266816803030204e+06 -7.546257575757575609e+00
4.318959276893939823e+05 1.378272754356060643e+06 -7.628765151515151111e+00
4.318977089090908994e+05 1.378278691909090849e+06 -7.711272727272726613e+00
4.318994901287878747e+05 1.378284629462121055e+06 -7.793780303030303003e+00
4.319012713484848500e+05 1.378290567015151493e+06 -7.876287878787877617e+00
4.319030525681818253e+05 1.378296504568181699e+06 -7.958795454545454007e+00
4.319048337878788006e+05 1.378302442121212138e+06 -8.041303030303030397e+00
4.319066150075757760e+05 1.378308379674242344e+06 -8.123810606060605011e+00
4.319083962272727513e+05 1.378314317227272782e+06 -8.206318181818181401e+00
4.319101774469697266e+05 1.378320254780302988e+06 -8.288825757575757791e+00
4.319119586666667019e+05 1.378326192333333194e+06 -8.371333333333332405e+00
4.319137398863636772e+05 1.378332129886363633e+06 -8.453840909090908795e+00
4.319155211060605943e+05 1.378338067439393839e+06 -8.536348484848485185e+00
4.319173023257575696e+05 1.378344004992424278e+06 -8.618856060606059799e+00
4.319190835454545449e+05 1.378349942545454483e+06 -8.701363636363636189e+00
4.319208647651515203e+05 1.378355880098484689e+06 -8.783871212121212579e+00
4.319226459848484956e+05 1.378361817651515128e+06 -8.866378787878787193e+00
4.319244272045454709e+05 1.378367755204545334e+06 -8.948886363636361807e+00
4.319262084242424462e+05 1.378373692757575773e+06 -9.031393939393939974e+00
4.319279896439394215e+05 1.378379630310605979e+06 -9.113901515151514587e+00
4.319297708636363968e+05 1.378385567863636184e+06 -9.196409090909089201e+00
4.319315520833333721e+05 1.378391505416666623e+06 -9.278916666666665591e+00
4.319333333030302892e+05 1.378397442969696829e+06 -9.361424242424241982e+00
4.319351145227272646e+05 1.378403380522727268e+06 -9.443931818181816595e+00
4.319368957424242399e+05 1.378409318075757474e+06 -9.526439393939392986e+00
4.319386769621212152e+05 1.378415255628787912e+06 -9.608946969696969376e+00
4.319404581818181905e+05 1.378421193181818118e+06 -9.691454545454543990e+00
4.319422394015151658e+05 1.378427130734848324e+06 -9.773962121212120380e+00
4.319440206212121411e+05 1.378433068287878763e+06 -9.856469696969696770e+00
4.319458018409091164e+05 1.378439005840908969e+06 -9.938977272727271384e+00
4.319475830606060917e+05 1.378444943393939408e+06 -1.002148484848484777e+01
4.319493642803030671e+05 1.378450880946969613e+06 -1.010399242424242416e+01
4.319511454999999842e+05 1.378456818500000052e+06 -1.018649999999999878e+01
4.319529267196969595e+05 1.378462756053030258e+06 -1.026900757575757517e+01
4.319547079393939348e+05 1.378468693606060464e+06 -1.035151515151515156e+01
4.319564891590909101e+05 1.378474631159090903e+06 -1.043402272727272617e+01
4.319582703787878854e+05 1.378480568712121109e+06 -1.051653030303030256e+01
4.319600515984848607e+05 1.378486506265151547e+06 -1.059903787878787895e+01
4.319618328181818360e+05 1.378492443818181753e+06 -1.068154545454545357e+01
4.319636140378788114e+05 1.378498381371211959e+06 -1.076405303030302996e+01
4.319653952575757867e+05 1.378504318924242398e+06 -1.084656060606060635e+01
4.319671764772727620e+05 1.378510256477272604e+06 -1.092906818181818096e+01
4.319689576969697373e+05 1.378516194030303042e+06 -1.101157575757575557e+01
4.319707389166666544e+05 1.378522131583333248e+06 -1.109408333333333374e+01
4.319725201363636297e+05 1.378528069136363454e+06 -1.117659090909090835e+01
4.319743013560606050e+05 1.378534006689393893e+06 -1.125909848484848297e+01
4.319760825757575803e+05 1.378539944242424099e+06 -1.134160606060605936e+01
4.319778637954545557e+05 1.378545881795454537e+06 -1.142411363636363575e+01
4.319796450151515310e+05 1.378551819348484743e+06 -1.150662121212121036e+01
4.319814262348485063e+05 1.378557756901515182e+06 -1.158912878787878675e+01
4.319832074545454816e+05 1.378563694454545388e+06 -1.167163636363636314e+01
4.319849886742424569e+05 1.378569632007575594e+06 -1.175414393939393776e+01
4.319867698939394322e+05 1.378575569560606033e+06 -1.183665151515151415e+01
4.319885511136363493e+05 1.378581507113636239e+06 -1.191915909090909054e+01
4.319903323333333246e+05 1.378587444666666677e+06 -1.200166666666666515e+01
4.319921135530303000e+05 1.378593382219696883e+06 -1.208417424242424154e+01
4.319938947727272753e+05 1.378599319772727322e+06 -1.216668181818181793e+01
4.319956759924242506e+05 1.378605257325757528e+06 -1.224918939393939255e+01
4.319974572121212259e+05 1.378611194878787734e+06 -1.233169696969696894e+01
4.319992384318182012e+05 1.378617132431818172e+06 -1.241420454545454533e+01
4.320010196515151765e+05 1.378623069984848378e+06 -1.249671212121211994e+01
4.320028008712121518e+05 1.378629007537878817e+06 -1.257921969696969633e+01
4.320045820909091271e+05 1.378634945090909023e+06 -1.266172727272727272e+01
4.320063633106060443e+05 1.378640882643939229e+06 -1.274423484848484733e+01
4.320081445303030196e+05 1.378646820196969667e+06 -1.282674242424242372e+01
4.320099257499999949e+05 1.378652757749999873e+06 -1.290924999999999834e+01
4.320117069696969702e+05 1.378658695303030312e+06 -1.299175757575757473e+01
4.320134881893939455e+05 1.378664632856060518e+06 -1.307426515151515112e+01
4.320152694090909208e+05 1.378670570409090724e+06 -1.315677272727272573e+01
4.320170506287878961e+05 1.378676507962121163e+06 -1.323928030303030212e+01
4.320188318484848714e+05 1.378682445515151368e+06 -1.332178787878787851e+01
4.320206130681818468e+05 1.378688383068181807e+06 -1.340429545454545313e+01
4.320223942878788221e+05 1.378694320621212013e+06 -1.348680303030302952e+01
4.320241755075757392e+05 1.378700258174242452e+06 -1.356931060606060591e+01
4.320259567272727145e+05 1.378706195727272658e+06 -1.365181818181818052e+01
4.320277379469696898e+05 1.378712133280302864e+06 -1.373432575757575691e+01
4.320295191666666651e+05 1.378718070833333302e+06 -1.381683333333333152e+01
4.320313003863636404e+05 1.378724008386363508e+06 -1.389934090909090791e+01
4.320330816060606157e+05 1.378729945939393947e+06 -1.398184848484848430e+01
4.320348628257575911e+05 1.378735883492424153e+06 -1.406435606060605892e+01
4.320366440454545664e+05 1.378741821045454592e+06 -1.414686363636363531e+01
4.320384252651515417e+05 1.378747758598484797e+06 -1.422937121212121170e+01
4.320402064848485170e+05 1.378753696151515003e+06 -1.431187878787878631e+01
4.320419877045454341e+05 1.378759633704545442e+06 -1.439438636363636270e+01
4.320437689242424094e+05 1.378765571257575648e+06 -1.447689393939393909e+01
4.320455501439393847e+05 1.378771508810606087e+06 -1.455940151515151371e+01
4.320473313636363600e+05 1.378777446363636293e+06 -1.464190909090909010e+01
4.320491125833333354e+05 1.378783383916666498e+06 -1.472441666666666649e+01
4.320508938030303107e+05 1.378789321469696937e+06 -1.480692424242424110e+01
4.320526750227272860e+05 1.378795259022727143e+06 -1.488943181818181749e+01
4.320544562424242613e+05 1.378801196575757582e+06 -1.497193939393939210e+01
4.320562374621212366e+05 1.378807134128787788e+06 -1.505444696969696849e+01
4.320580186818182119e+05 1.378813071681817994e+06 -1.513695454545454488e+01
4.320597999015151290e+05 1.378819009234848432e+06 -1.521946212121211950e+01
4.320615811212121043e+05 1.378824946787878638e+06 -1.530196969696969589e+01
4.320633623409090796e+05 1.378830884340909077e+06 -1.538447727272727228e+01
4.320651435606060550e+05 1.378836821893939283e+06 -1.546698484848484689e+01
4.320669247803030303e+05 1.378842759446969721e+06 -1.554949242424242328e+01
4.320687060000000056e+05 1.378848696999999927e+06 -1.563199999999999967e+01
4.320687060000000056e+05 1.378848696999999927e+06 -1.563199999999999967e+01
4.320719239999999991e+05 1.378850335999999894e+06 -1.572366666666666646e+01
4.320751419999999925e+05 1.378851974999999860e+06 -1.581533333333333324e+01
4.320783599999999860e+05 1.378853613999999827e+06 -1.590700000000000003e+01
4.320783599999999860e+05 1.378853613999999827e+06 -1.590700000000000003e+01
4.320850914909090498e+05 1.378851529090908822e+06 -1.591965454545454506e+01
4.320918229818181717e+05 1.378849444181818049e+06 -1.593230909090909186e+01
4.320985544727272354e+05 1.378847359272727044e+06 -1.594496363636363689e+01
4.321052859636363573e+05 1.378845274363636272e+06 -1.595761818181818192e+01
4.321120174545454211e+05 1.378843189454545267e+06 -1.597027272727272695e+01
4.321187489454545430e+05 1.378841104545454495e+06 -1.598292727272727376e+01
4.321254804363636067e+05 1.378839019636363490e+06 -1.599558181818181879e+01
4.321322119272727286e+05 1.378836934727272484e+06 -1.600823636363636382e+01
4.321389434181817924e+05 1.378834849818181712e+06 -1.602089090909090885e+01
4.321456749090909143e+05 1.378832764909090707e+06 -1.603354545454545388e+01
4.321524063999999780e+05 1.378830679999999935e+06 -1.604619999999999891e+01
4.321591378909091000e+05 1.378828595090908930e+06 -1.605885454545454749e+01
4.321658693818181637e+05 1.378826510181817925e+06 -1.607150909090909252e+01
4.321726008727272856e+05 1.378824425272727152e+06 -1.608416363636363755e+01
4.321793323636363493e+05 1.378822340363636147e+06 -1.609681818181818258e+01
4.321860638545454713e+05 1.378820255454545375e+06 -1.610947272727272761e+01
4.321927953454545350e+05 1.378818170545454370e+06 -1.612212727272727264e+01
4.321995268363636569e+05 1.378816085636363598e+06 -1.613478181818181767e+01
4.322062583272727206e+05 1.378814000727272592e+06 -1.614743636363636270e+01
4.322129898181817844e+05 1.378811915818181587e+06 -1.616009090909091128e+01
4.322197213090909063e+05 1.378809830909090815e+06 -1.617274545454545631e+01
4.322264527999999700e+05 1.378807745999999810e+06 -1.618540000000000134e+01
4.322331842909090919e+05 1.378805661090909038e+06 -1.619805454545454637e+01
4.322399157818181557e+05 1.378803576181818033e+06 -1.621070909090909140e+01
4.322466472727272776e+05 1.378801491272727028e+06 -1.622336363636363643e+01
4.322533787636363413e+05 1.378799406363636255e+06 -1.623601818181818146e+01
4.322601102545454632e+05 1.378797321454545250e+06 -1.624867272727272649e+01
4.322668417454545270e+05 1.378795236545454478e+06 -1.626132727272727507e+01
4.322735732363636489e+05 1.378793151636363473e+06 -1.627398181818182010e+01
4.322803047272727126e+05 1.378791066727272701e+06 -1.628663636363636513e+01
4.322870362181818346e+05 1.378788981818181695e+06 -1.629929090909091016e+01
4.322937677090908983e+05 1.378786896909090690e+06 -1.631194545454545519e+01
4.323004992000000202e+05 1.378784811999999918e+06 -1.632460000000000022e+01
4.323072306909090839e+05 1.378782727090908913e+06 -1.633725454545454525e+01
4.323139621818182059e+05 1.378780642181818141e+06 -1.634990909090909028e+01
4.323206936727272696e+05 1.378778557272727136e+06 -1.636256363636363886e+01
4.323274251636363333e+05 1.378776472363636130e+06 -1.637521818181818389e+01
4.323341566545454552e+05 1.378774387454545358e+06 -1.638787272727272892e+01
4.323408881454545190e+05 1.378772302545454353e+06 -1.640052727272727395e+01
4.323476196363636409e+05 1.378770217636363581e+06 -1.641318181818181898e+01
4.323543511272727046e+05 1.378768132727272576e+06 -1.642583636363636401e+01
4.323610826181818265e+05 1.378766047818181803e+06 -1.643849090909090904e+01
4.323678141090908903e+05 1.378763962909090798e+06 -1.645114545454545407e+01
4.323745456000000122e+05 1.378761877999999793e+06 -1.646380000000000265e+01
4.323812770909090759e+05 1.378759793090909021e+06 -1.647645454545454768e+01
4.323880085818181979e+05 1.378757708181818016e+06 -1.648910909090909271e+01
4.323947400727272616e+05 1.378755623272727244e+06 -1.650176363636363774e+01
4.324014715636363835e+05 1.378753538363636239e+06 -1.651441818181818277e+01
4.324082030545454472e+05 1.378751453454545233e+06 -1.652707272727272780e+01
4.324149345454545692e+05 1.378749368545454461e+06 -1.653972727272727283e+01
4.324216660363636329e+05 1.378747283636363456e+06 -1.655238181818182142e+01
4.324283975272727548e+05 1.378745198727272684e+06 -1.656503636363636645e+01
4.324351290181818185e+05 1.378743113818181679e+06 -1.657769090909091148e+01
4.324418605090909405e+05 1.378741028909090906e+06 -1.659034545454545651e+01
4.324485920000000042e+05 1.378738943999999901e+06 -1.660300000000000153e+01
4.324485920000000042e+05 1.378738943999999901e+06 -1.660300000000000153e+01
4.324487921249999781e+05 1.378738325999999885e+06 -1.661862500000000153e+01
4.324489922500000102e+05 1.378737707999999868e+06 -1.663425000000000153e+01
4.324491923749999842e+05 1.378737089999999851e+06 -1.664987500000000153e+01
4.324493925000000163e+05 1.378736471999999834e+06 -1.666550000000000153e+01
4.324495926249999902e+05 1.378735853999999817e+06 -1.668112500000000153e+01
4.324497927500000224e+05 1.378735236000000034e+06 -1.669675000000000153e+01
4.324499928749999963e+05 1.378734618000000017e+06 -1.671237500000000153e+01
4.324501930000000284e+05 1.378734000000000000e+06 -1.672800000000000153e+01
4.324503931250000023e+05 1.378733381999999983e+06 -1.674362500000000153e+01
4.324505932500000345e+05 1.378732763999999966e+06 -1.675925000000000153e+01
4.324507933750000084e+05 1.378732145999999950e+06 -1.677487500000000153e+01
4.324509934999999823e+05 1.378731527999999933e+06 -1.679050000000000153e+01
4.324511936250000144e+05 1.378730909999999916e+06 -1.680612500000000153e+01
4.324513937499999884e+05 1.378730291999999899e+06 -1.682175000000000153e+01
4.324515938750000205e+05 1.378729673999999883e+06 -1.683737500000000153e+01
4.324517939999999944e+05 1.378729055999999866e+06 -1.685300000000000153e+01
4.324519941250000265e+05 1.378728437999999849e+06 -1.686862500000000153e+01
4.324521942500000005e+05 1.378727819999999832e+06 -1.688425000000000153e+01
4.324523943750000326e+05 1.378727202000000048e+06 -1.689987500000000153e+01
4.324525945000000065e+05 1.378726584000000032e+06 -1.691550000000000153e+01
4.324527946250000386e+05 1.378725966000000015e+06 -1.693112500000000153e+01
4.324529947500000126e+05 1.378725347999999998e+06 -1.694675000000000153e+01
4.324531948750000447e+05 1.378724729999999981e+06 -1.696237500000000153e+01
4.324533950000000186e+05 1.378724111999999965e+06 -1.697800000000000153e+01
4.324533950000000186e+05 1.378724111999999965e+06 -1.697800000000000153e+01
4.324464037761194049e+05 1.378719206089552259e+06 -1.677117910447761417e+01
4.324394125522388495e+05 1.378714300179104554e+06 -1.656435820895522681e+01
4.324324213283582358e+05 1.378709394268656615e+06 -1.635753731343283590e+01
4.324254301044776221e+05 1.378704488358208910e+06 -1.615071641791044854e+01
4.324184388805970084e+05 1.378699582447761204e+06 -1.594389552238806118e+01
4.324114476567164529e+05 1.378694676537313499e+06 -1.573707462686567382e+01
4.324044564328358392e+05 1.378689770626865560e+06 -1.553025373134328468e+01
4.323974652089552255e+05 1.378684864716417855e+06 -1.532343283582089732e+01
4.323904739850746701e+05 1.378679958805970149e+06 -1.511661194029850819e+01
4.323834827611940564e+05 1.378675052895522444e+06 -1.490979104477612083e+01
4.323764915373134427e+05 1.378670146985074505e+06 -1.470297014925373347e+01
4.323695003134328872e+05 1.378665241074626800e+06 -1.449614925373134433e+01
4.323625090895522735e+05 1.378660335164179094e+06 -1.428932835820895697e+01
4.323555178656716598e+05 1.378655429253731389e+06 -1.408250746268656783e+01
4.323485266417910461e+05 1.378650523343283450e+06 -1.387568656716418047e+01
4.323415354179104907e+05 1.378645617432835745e+06 -1.366886567164179311e+01
4.323345441940298770e+05 1.378640711522388039e+06 -1.346204477611940398e+01
4.323275529701492633e+05 1.378635805611940334e+06 -1.325522388059701662e+01
4.323205617462687078e+05 1.378630899701492395e+06 -1.304840298507462748e+01
4.323135705223880941e+05 1.378625993791044690e+06 -1.284158208955224012e+01
4.323065792985074804e+05 1.378621087880596984e+06 -1.263476119402985276e+01
4.322995880746269249e+05 1.378616181970149279e+06 -1.242794029850746362e+01
4.322925968507463112e+05 1.378611276059701573e+06 -1.222111940298507449e+01
4.322856056268656976e+05 1.378606370149253635e+06 -1.201429850746268713e+01
4.322786144029850839e+05 1.378601464238805929e+06 -1.180747761194029977e+01
4.322716231791045284e+05 1.378596558328358224e+06 -1.160065671641791241e+01
4.322646319552239147e+05 1.378591652417910518e+06 -1.139383582089552327e+01
4.322576407313433010e+05 1.378586746507462580e+06 -1.118701492537313413e+01
4.322506495074627455e+05 1.378581840597014874e+06 -1.098019402985074677e+01
4.322436582835821318e+05 1.378576934686567169e+06 -1.077337313432835941e+01
4.322366670597015182e+05 1.378572028776119463e+06 -1.056655223880597205e+01
4.322296758358209627e+05 1.378567122865671525e+06 -1.035973134328358292e+01
4.322226846119403490e+05 1.378562216955223819e+06 -1.015291044776119378e+01
4.322156933880597353e+05 1.378557311044776114e+06 -9.946089552238806419e+00
4.322087021641791216e+05 1.378552405134328408e+06 -9.739268656716419059e+00
4.322017109402985661e+05 1.378547499223880470e+06 -9.532447761194031699e+00
4.321947197164179524e+05 1.378542593313432764e+06 -9.325626865671642562e+00
4.321877284925373388e+05 1.378537687402985059e+06 -9.118805970149253426e+00
4.321807372686567833e+05 1.378532781492537353e+06 -8.911985074626866066e+00
4.321737460447761696e+05 1.378527875582089415e+06 -8.705164179104478706e+00
4.321667548208955559e+05 1.378522969671641709e+06 -8.498343283582089569e+00
4.321597635970150004e+05 1.378518063761194004e+06 -8.291522388059702209e+00
4.321527723731343867e+05 1.378513157850746298e+06 -8.084701492537314849e+00
4.321457811492537730e+05 1.378508251940298360e+06 -7.877880597014925712e+00
4.321387899253731593e+05 1.378503346029850654e+06 -7.671059701492538352e+00
4.321317987014926039e+05 1.378498440119402949e+06 -7.464238805970149215e+00
4.321248074776119902e+05 1.378493534208955243e+06 -7.257417910447761855e+00
4.321178162537313765e+05 1.378488628298507538e+06 -7.050597014925372719e+00
4.321108250298508210e+05 1.378483722388059599e+06 -6.843776119402985358e+00
4.321038338059702073e+05 1.378478816477611894e+06 -6.636955223880597998e+00
4.320968425820895936e+05 1.378473910567164188e+06 -6.430134328358208862e+00
4.320898513582090382e+05 1.378469004656716483e+06 -6.223313432835821501e+00
4.320828601343284245e+05 1.378464098746268544e+06 -6.016492537313432365e+00
4.320758689104478108e+05 1.378459192835820839e+06 -5.809671641791045005e+00
4.320688776865671971e+05 1.378454286925373133e+06 -5.602850746268657645e+00
4.320618864626866416e+05 1.378449381014925428e+06 -5.396029850746268508e+00
4.320548952388060279e+05 1.378444475104477489e+06 -5.189208955223881148e+00
4.320479040149254142e+05 1.378439569194029784e+06 -4.982388059701492011e+00
4.320409127910448587e+05 1.378434663283582078e+06 -4.775567164179104651e+00
4.320339215671642451e+05 1.378429757373134373e+06 -4.568746268656717291e+00
4.320269303432836314e+05 1.378424851462686434e+06 -4.361925373134328154e+00
4.320199391194030759e+05 1.378419945552238729e+06 -4.155104477611940794e+00
4.320129478955224622e+05 1.378415039641791023e+06 -3.948283582089551658e+00
4.320059566716418485e+05 1.378410133731343318e+06 -3.741462686567164297e+00
4.319989654477612348e+05 1.378405227820895379e+06 -3.534641791044776937e+00
4.319919742238806793e+05 1.378400321910447674e+06 -3.327820895522387801e+00
4.319849830000000657e+05 1.378395415999999968e+06 -3.120999999999999996e+00
4.319849830000000657e+05 1.378395415999999968e+06 -3.120999999999999996e+00
4.319844282000000239e+05 1.378392746599999955e+06 -3.097399999999999931e+00
4.319838734000000404e+05 1.378390077199999942e+06 -3.073799999999999866e+00
4.319833185999999987e+05 1.378387407799999928e+06 -3.050200000000000244e+00
4.319827638000000152e+05 1.378384738399999915e+06 -3.026600000000000179e+00
4.319822089999999735e+05 1.378382068999999901e+06 -3.003000000000000114e+00
4.319822089999999735e+05 1.378382068999999901e+06 -3.003000000000000114e+00
4.319886544310344616e+05 1.378380057672413765e+06 -3.057637931034483003e+00
4.319950998620689497e+05 1.378378046344827395e+06 -3.112275862068965449e+00
4.320015452931034379e+05 1.378376035017241258e+06 -3.166913793103448338e+00
4.320079907241379260e+05 1.378374023689655121e+06 -3.221551724137931227e+00
4.320144361551724141e+05 1.378372012362068985e+06 -3.276189655172413673e+00
4.320208815862068441e+05 1.378370001034482615e+06 -3.330827586206896562e+00
4.320273270172413322e+05 1.378367989706896478e+06 -3.385465517241379452e+00
4.320337724482758204e+05 1.378365978379310342e+06 -3.440103448275862341e+00
4.320402178793103085e+05 1.378363967051723972e+06 -3.494741379310344787e+00
4.320466633103447966e+05 1.378361955724137835e+06 -3.549379310344827676e+00
4.320531087413792848e+05 1.378359944396551698e+06 -3.604017241379310121e+00
4.320595541724137729e+05 1.378357933068965329e+06 -3.658655172413793011e+00
4.320659996034482610e+05 1.378355921741379192e+06 -3.713293103448275900e+00
4.320724450344827492e+05 1.378353910413793055e+06 -3.767931034482758790e+00
4.320788904655172373e+05 1.378351899086206919e+06 -3.822568965517241235e+00
4.320853358965517255e+05 1.378349887758620549e+06 -3.877206896551724125e+00
4.320917813275862136e+05 1.378347876431034412e+06 -3.931844827586207014e+00
4.320982267586206435e+05 1.378345865103448275e+06 -3.986482758620689459e+00
4.321046721896551317e+05 1.378343853775861906e+06 -4.041120689655172349e+00
4.321111176206896198e+05 1.378341842448275769e+06 -4.095758620689655238e+00
4.321175630517241079e+05 1.378339831120689632e+06 -4.150396551724138128e+00
4.321240084827585961e+05 1.378337819793103496e+06 -4.205034482758620129e+00
4.321304539137930842e+05 1.378335808465517126e+06 -4.259672413793103019e+00
4.321368993448275723e+05 1.378333797137930989e+06 -4.314310344827585908e+00
4.321433447758620605e+05 1.378331785810344853e+06 -4.368948275862068797e+00
4.321497902068965486e+05 1.378329774482758483e+06 -4.423586206896551687e+00
4.321562356379310368e+05 1.378327763155172346e+06 -4.478224137931034576e+00
4.321626810689655249e+05 1.378325751827586209e+06 -4.532862068965517466e+00
4.321691265000000130e+05 1.378323740499999840e+06 -4.587500000000000355e+00
4.321755719310344430e+05 1.378321729172413703e+06 -4.642137931034482357e+00
4.321820173620689311e+05 1.378319717844827566e+06 -4.696775862068965246e+00
4.321884627931034192e+05 1.378317706517241430e+06 -4.751413793103448135e+00
4.321949082241379074e+05 1.378315695189655060e+06 -4.806051724137931025e+00
4.322013536551723955e+05 1.378313683862068923e+06 -4.860689655172413914e+00
4.322077990862068837e+05 1.378311672534482786e+06 -4.915327586206895916e+00
4.322142445172413718e+05 1.378309661206896417e+06 -4.969965517241378805e+00
4.322206899482758599e+05 1.378307649879310280e+06 -5.024603448275861695e+00
4.322271353793103481e+05 1.378305638551724143e+06 -5.079241379310344584e+00
4.322335808103448362e+05 1.378303627224138007e+06 -5.133879310344827474e+00
4.322400262413793243e+05 1.378301615896551637e+06 -5.188517241379310363e+00
4.322464716724137543e+05 1.378299604568965500e+06 -5.243155172413793252e+00
4.322529171034482424e+05 1.378297593241379363e+06 -5.297793103448276142e+00
4.322593625344827306e+05 1.378295581913792994e+06 -5.352431034482759031e+00
4.322658079655172187e+05 1.378293570586206857e+06 -5.407068965517241033e+00
4.322722533965517068e+05 1.378291559258620720e+06 -5.461706896551723922e+00
4.322786988275861950e+05 1.378289547931034584e+06 -5.516344827586206812e+00
4.322851442586206831e+05 1.378287536603448214e+06 -5.570982758620688813e+00
4.322915896896551712e+05 1.378285525275862077e+06 -5.625620689655171702e+00
4.322980351206896594e+05 1.378283513948275940e+06 -5.680258620689654592e+00
4.323044805517241475e+05 1.378281502620689571e+06 -5.734896551724137481e+00
4.323109259827586357e+05 1.378279491293103434e+06 -5.789534482758620371e+00
4.323173714137931238e+05 1.378277479965517297e+06 -5.844172413793103260e+00
4.323238168448275537e+05 1.378275468637930928e+06 -5.898810344827586150e+00
4.323302622758620419e+05 1.378273457310344791e+06 -5.953448275862069039e+00
4.323367077068965300e+05 1.378271445982758654e+06 -6.008086206896551928e+00
4.323431531379310181e+05 1.378269434655172518e+06 -6.062724137931033930e+00
4.323495985689655063e+05 1.378267423327586148e+06 -6.117362068965516819e+00
4.323560439999999944e+05 1.378265412000000011e+06 -6.171999999999999709e+00
