Latitude,Longitude,Elevation,Name
1378023.4196384102,431812.62177879276,-4.741,Channel 0
1378029.3571914404,431814.40299848974,-4.823507575757575,Channel 1
1378035.2947444709,431816.1842181867,-4.9060151515151516,Channel 2
1378041.232297501,431817.9654378837,-4.988522727272727,Channel 3
1378047.1698505315,431819.74665758066,-5.0710303030303026,Channel 4
1378053.1074035617,431821.52787727764,-5.153537878787878,Channel 5
1378059.044956592,431823.30909697455,-5.2360454545454544,Channel 6
1378064.9825096224,431825.0903166715,-5.31855303030303,Channel 7
1378070.9200626526,431826.8715363685,-5.4010606060606055,Channel 8
1378076.857615683,431828.6527560655,-5.483568181818182,Channel 9
1378082.7951687132,431830.43397576245,-5.566075757575757,Channel 10
1378088.7327217436,431832.21519545943,-5.648583333333333,Channel 11
1378094.6702747738,431833.9964151564,-5.731090909090908,Channel 12
1378100.607827804,431835.7776348534,-5.813598484848485,Channel 13
1378106.5453808345,431837.55885455036,-5.89610606060606,Channel 14
1378112.4829338647,431839.34007424733,-5.978613636363636,Channel 15
1378118.4204868951,431841.12129394425,-6.061121212121211,Channel 16
1378124.3580399253,431842.9025136412,-6.143628787878788,Channel 17
1378130.2955929558,431844.6837333382,-6.226136363636363,Channel 18
1378136.233145986,431846.4649530352,-6.308643939393939,Channel 19
1378142.1706990162,431848.24617273215,-6.391151515151515,Channel 20
1378148.1082520466,431850.0273924291,-6.4736590909090905,Channel 21
1378154.0458050768,431851.8086121261,-6.556166666666666,Channel 22
1378159.9833581073,431853.5898318231,-6.638674242424242,Channel 23
1378165.9209111375,431855.37105152005,-6.721181818181818,Channel 24
1378171.8584641677,431857.152271217,-6.803689393939393,Channel 25
1378177.7960171981,431858.93349091394,-6.88619696969697,Channel 26
1378183.7335702283,431860.7147106109,-6.968704545454544,Channel 27
1378189.6711232588,431862.4959303079,-7.051212121212121,Channel 28
1378195.608676289,431864.27715000487,-7.133719696969696,Channel 29
1378201.5462293192,431866.05836970184,-7.216227272727272,Channel 30
1378207.4837823496,431867.8395893988,-7.298734848484848,Channel 31
1378213.4213353798,431869.6208090958,-7.381242424242424,Channel 32
1378219.3588884103,431871.40202879277,-7.463749999999999,Channel 33
1378225.2964414405,431873.18324848975,-7.546257575757576,Channel 34
1378231.233994471,431874.9644681867,-7.628765151515151,Channel 35
1378237.171547501,431876.74568788364,-7.711272727272727,Channel 36
1378243.1091005313,431878.5269075806,-7.793780303030303,Channel 37
1378249.0466535618,431880.3081272776,-7.876287878787878,Channel 38
1378254.984206592,431882.08934697456,-7.958795454545454,Channel 39
1378260.9217596224,431883.87056667154,-8.04130303030303,Channel 40
1378266.8593126526,431885.6517863685,-8.123810606060605,Channel 41
1378272.796865683,431887.4330060655,-8.206318181818181,Channel 42
1378278.7344187133,431889.21422576247,-8.288825757575758,Channel 43
1378284.6719717435,431890.99544545944,-8.371333333333332,Channel 44
1378290.609524774,431892.7766651564,-8.453840909090909,Channel 45
1378296.547077804,431894.55788485333,-8.536348484848485,Channel 46
1378302.4846308345,431896.3391045503,-8.61885606060606,Channel 47
1378308.4221838647,431898.1203242473,-8.701363636363636,Channel 48
1378314.359736895,431899.90154394426,-8.783871212121213,Channel 49
1378320.2972899254,431901.68276364123,-8.866378787878787,Channel 50
1378326.2348429556,431903.4639833382,-8.948886363636362,Channel 51
1378332.172395986,431905.2452030352,-9.03139393939394,Channel 52
1378338.1099490162,431907.02642273216,-9.113901515151515,Channel 53
1378344.0475020465,431908.80764242914,-9.19640909090909,Channel 54
1378349.985055077,431910.5888621261,-9.278916666666666,Channel 55
1378355.922608107,431912.370081823,-9.361424242424242,Channel 56
1378361.8601611375,431914.15130152,-9.443931818181817,Channel 57
1378367.7977141677,431915.932521217,-9.526439393939393,Channel 58
1378373.7352671982,431917.71374091395,-9.60894696969697,Channel 59
1378379.6728202284,431919.49496061093,-9.691454545454544,Channel 60
1378385.6103732586,431921.2761803079,-9.77396212121212,Channel 61
1378391.547926289,431923.0574000049,-9.856469696969697,Channel 62
1378397.4854793192,431924.83861970186,-9.938977272727271,Channel 63
1378403.4230323497,431926.61983939883,-10.021484848484848,Channel 64
1378409.3605853799,431928.4010590958,-10.103992424242424,Channel 65
1378415.2981384103,431930.1822787927,-10.186499999999999,Channel 66
1378421.2356914405,431931.9634984897,-10.269007575757575,Channel 67
1378427.1732444707,431933.7447181867,-10.351515151515152,Channel 68
1378433.1107975012,431935.52593788365,-10.434022727272726,Channel 69
1378439.0483505314,431937.3071575806,-10.516530303030303,Channel 70
1378444.9859035618,431939.0883772776,-10.599037878787879,Channel 71
1378450.923456592,431940.8695969746,-10.681545454545454,Channel 72
1378456.8610096222,431942.65081667155,-10.76405303030303,Channel 73
1378462.7985626527,431944.4320363685,-10.846560606060606,Channel 74
1378468.7361156829,431946.2132560655,-10.929068181818181,Channel 75
1378474.6736687133,431947.9944757625,-11.011575757575756,Channel 76
1378480.6112217435,431949.7756954594,-11.094083333333334,Channel 77
1378486.5487747737,431951.55691515637,-11.176590909090908,Channel 78
1378492.4863278042,431953.33813485334,-11.259098484848483,Channel 79
1378498.4238808344,431955.1193545503,-11.34160606060606,Channel 80
1378504.3614338648,431956.9005742473,-11.424113636363636,Channel 81
1378510.298986895,431958.68179394427,-11.50662121212121,Channel 82
1378516.2365399254,431960.46301364125,-11.589128787878787,Channel 83
1378522.1740929557,431962.2442333382,-11.671636363636363,Channel 84
1378528.1116459859,431964.0254530352,-11.754143939393938,Channel 85
1378534.0491990163,431965.8066727322,-11.836651515151514,Channel 86
1378539.9867520465,431967.5878924291,-11.91915909090909,Channel 87
1378545.924305077,431969.36911212606,-12.001666666666665,Channel 88
1378551.8618581071,431971.15033182304,-12.084174242424242,Channel 89
1378557.7994111376,431972.93155152,-12.166681818181818,Channel 90
1378563.7369641678,431974.712771217,-12.249189393939393,Channel 91
1378569.674517198,431976.49399091396,-12.331696969696969,Channel 92
1378575.6120702284,431978.27521061094,-12.414204545454545,Channel 93
1378581.5496232586,431980.0564303079,-12.49671212121212,Channel 94
1378587.487176289,431981.8376500049,-12.579219696969696,Channel 95
1378593.4247293193,431983.61886970187,-12.661727272727273,Channel 96
1378599.3622823495,431985.4000893988,-12.744234848484847,Channel 97
1378605.29983538,431987.18130909576,-12.826742424242424,Channel 98
1378611.2373884101,431988.96252879273,-12.909249999999998,Channel 99
1378617.1749414406,431990.7437484897,-12.991757575757575,Channel 100
1378623.1124944708,431992.5249681867,-13.074265151515151,Channel 101
1378629.050047501,431994.30618788366,-13.156772727272726,Channel 102
1378634.9876005314,431996.08740758064,-13.239280303030302,Channel 103
1378640.9251535616,431997.8686272776,-13.321787878787879,Channel 104
1378646.862706592,431999.6498469746,-13.404295454545453,Channel 105
1378652.8002596223,432001.43106667156,-13.48680303030303,Channel 106
1378658.7378126527,432003.2122863685,-13.569310606060606,Channel 107
1378664.675365683,432004.99350606545,-13.65181818181818,Channel 108
1378670.6129187131,432006.7747257624,-13.734325757575757,Channel 109
1378676.5504717436,432008.5559454594,-13.816833333333332,Channel 110
1378682.4880247738,432010.3371651564,-13.899340909090908,Channel 111
1378688.4255778042,432012.11838485335,-13.981848484848484,Channel 112
1378694.3631308344,432013.89960455033,-14.064356060606059,Channel 113
1378700.3006838649,432015.6808242473,-14.146863636363635,Channel 114
1378706.238236895,432017.4620439443,-14.229371212121212,Channel 115
1378712.1757899253,432019.24326364126,-14.311878787878786,Channel 116
1378718.1133429557,432021.0244833382,-14.394386363636363,Channel 117
1378724.050895986,432022.80570303515,-14.476893939393939,Channel 118
1378729.9884490164,432024.5869227321,-14.559401515151514,Channel 119
1378735.9260020466,432026.3681424291,-14.64190909090909,Channel 120
1378741.8635550768,432028.1493621261,-14.724416666666666,Channel 121
1378747.8011081072,432029.93058182305,-14.806924242424241,Channel 122
1378753.7386611374,432031.71180152,-14.889431818181817,Channel 123
1378759.6762141678,432033.493021217,-14.971939393939392,Channel 124
1378765.613767198,432035.274240914,-15.054446969696968,Channel 125
1378771.5513202283,432037.05546061095,-15.136954545454545,Channel 126
1378777.4888732587,432038.83668030787,-15.21946212121212,Channel 127
1378783.426426289,432040.61790000484,-15.301969696969696,Channel 128
1378789.3639793193,432042.3991197018,-15.384477272727272,Channel 129
1378795.3015323495,432044.1803393988,-15.466984848484847,Channel 130
1378801.23908538,432045.96155909577,-15.549492424242423,Channel 131
1378807.1766384102,432047.74277879274,-15.632,Channel 132
1378807.1766384102,432047.74277879274,-15.632,Channel 133
1378808.8156384102,432050.96077879274,-15.723666666666666,Channel 134
1378810.4546384101,432054.17877879273,-15.815333333333333,Channel 135
1378812.09363841,432057.3967787927,-15.907,Channel 136
1378812.09363841,432057.3967787927,-15.907,Channel 137
1378810.008729319,432064.1282697018,-15.919654545454545,Channel 138
1378807.9238202283,432070.8597606109,-15.932309090909092,Channel 139
1378805.8389111373,432077.59125152,-15.944963636363637,Channel 140
1378803.7540020465,432084.3227424291,-15.957618181818182,Channel 141
1378801.6690929555,432091.05423333816,-15.970272727272727,Channel 142
1378799.5841838648,432097.7857242473,-15.982927272727274,Channel 143
1378797.4992747738,432104.51721515635,-15.995581818181819,Channel 144
1378795.4143656828,432111.24870606547,-16.008236363636364,Channel 145
1378793.329456592,432117.98019697453,-16.02089090909091,Channel 146
1378791.244547501,432124.71168788365,-16.033545454545454,Channel 147
1378789.1596384102,432131.4431787927,-16.0462,Channel 148
1378787.0747293192,432138.17466970184,-16.058854545454547,Channel 149
1378784.9898202282,432144.9061606109,-16.071509090909093,Channel 150
1378782.9049111374,432151.63765152,-16.084163636363638,Channel 151
1378780.8200020464,432158.3691424291,-16.096818181818183,Channel 152
1378778.7350929556,432165.1006333382,-16.109472727272728,Channel 153
1378776.6501838646,432171.8321242473,-16.122127272727273,Channel 154
1378774.5652747739,432178.5636151564,-16.134781818181818,Channel 155
1378772.4803656829,432185.29510606546,-16.147436363636363,Channel 156
1378770.3954565919,432192.0265969745,-16.16009090909091,Channel 157
1378768.310547501,432198.75808788365,-16.172745454545456,Channel 158
1378766.22563841,432205.4895787927,-16.1854,Channel 159
1378764.1407293193,432212.22106970183,-16.198054545454546,Channel 160
1378762.0558202283,432218.9525606109,-16.21070909090909,Channel 161
1378759.9709111373,432225.68405152,-16.223363636363636,Channel 162
1378757.8860020465,432232.4155424291,-16.23601818181818,Channel 163
1378755.8010929555,432239.1470333382,-16.248672727272726,Channel 164
1378753.7161838647,432245.87852424727,-16.261327272727275,Channel 165
1378751.6312747737,432252.6100151564,-16.27398181818182,Channel 166
1378749.546365683,432259.34150606545,-16.286636363636365,Channel 167
1378747.461456592,432266.0729969746,-16.29929090909091,Channel 168
1378745.376547501,432272.80448788364,-16.311945454545455,Channel 169
1378743.2916384102,432279.53597879276,-16.3246,Channel 170
1378741.2067293192,432286.2674697018,-16.337254545454545,Channel 171
1378739.1218202284,432292.99896061094,-16.34990909090909,Channel 172
1378737.0369111374,432299.73045152,-16.36256363636364,Channel 173
1378734.9520020464,432306.4619424291,-16.375218181818184,Channel 174
1378732.8670929556,432313.1934333382,-16.38787272727273,Channel 175
1378730.7821838646,432319.92492424726,-16.400527272727274,Channel 176
1378728.6972747738,432326.6564151564,-16.41318181818182,Channel 177
1378726.6123656828,432333.38790606544,-16.425836363636364,Channel 178
1378724.527456592,432340.11939697457,-16.43849090909091,Channel 179
1378722.442547501,432346.85088788363,-16.451145454545454,Channel 180
1378720.35763841,432353.58237879275,-16.463800000000003,Channel 181
1378718.2727293193,432360.3138697018,-16.476454545454548,Channel 182
1378716.1878202283,432367.04536061094,-16.489109090909093,Channel 183
1378714.1029111375,432373.77685152,-16.501763636363638,Channel 184
1378712.0180020465,432380.5083424291,-16.514418181818183,Channel 185
1378709.9330929555,432387.2398333382,-16.527072727272728,Channel 186
1378707.8481838647,432393.9713242473,-16.539727272727273,Channel 187
1378705.7632747737,432400.7028151564,-16.55238181818182,Channel 188
1378703.678365683,432407.4343060655,-16.565036363636366,Channel 189
1378701.593456592,432414.16579697456,-16.57769090909091,Channel 190
1378699.5085475012,432420.8972878837,-16.590345454545457,Channel 191
1378697.4236384102,432427.62877879274,-16.603,Channel 192
1378697.4236384102,432427.62877879274,-16.603,Channel 193
1378696.8056384102,432427.8289037927,-16.618625,Channel 194
1378696.1876384101,432428.02902879275,-16.63425,Channel 195
1378695.5696384101,432428.2291537927,-16.649875,Channel 196
1378694.95163841,432428.42927879276,-16.6655,Channel 197
1378694.33363841,432428.62940379273,-16.681125,Channel 198
1378693.7156384103,432428.82952879276,-16.69675,Channel 199
1378693.0976384103,432429.02965379274,-16.712375,Channel 200
1378692.4796384103,432429.22977879277,-16.728,Channel 201
1378691.8616384102,432429.42990379274,-16.743625,Channel 202
1378691.2436384102,432429.6300287928,-16.75925,Channel 203
1378690.6256384102,432429.83015379275,-16.774875,Channel 204
1378690.0076384102,432430.0302787927,-16.7905,Channel 205
1378689.3896384102,432430.23040379275,-16.806125,Channel 206
1378688.7716384102,432430.4305287927,-16.82175,Channel 207
1378688.1536384101,432430.63065379276,-16.837375,Channel 208
1378687.5356384101,432430.83077879273,-16.853,Channel 209
1378686.91763841,432431.03090379277,-16.868625,Channel 210
1378686.29963841,432431.23102879274,-16.88425,Channel 211
1378685.6816384103,432431.4311537928,-16.899875,Channel 212
1378685.0636384103,432431.63127879275,-16.9155,Channel 213
1378684.4456384103,432431.8314037928,-16.931125,Channel 214
1378683.8276384103,432432.03152879275,-16.94675,Channel 215
1378683.2096384102,432432.2316537928,-16.962375,Channel 216
1378682.5916384102,432432.43177879276,-16.978,Channel 217
1378682.5916384102,432432.43177879276,-16.978,Channel 218
1378677.6857279625,432425.44055491214,-16.771179104477614,Channel 219
1378672.7798175148,432418.4493310316,-16.564358208955227,Channel 220
1378667.8739070669,432411.458107151,-16.357537313432836,Channel 221
1378662.9679966192,432404.46688327036,-16.15071641791045,Channel 222
1378658.0620861715,432397.47565938975,-15.943895522388061,Channel 223
1378653.1561757238,432390.4844355092,-15.737074626865674,Channel 224
1378648.2502652758,432383.4932116286,-15.530253731343285,Channel 225
1378643.3443548281,432376.50198774796,-15.323432835820897,Channel 226
1378638.4384443804,432369.5107638674,-15.116611940298508,Channel 227
1378633.5325339327,432362.5195399868,-14.90979104477612,Channel 228
1378628.6266234848,432355.5283161062,-14.702970149253733,Channel 229
1378623.720713037,432348.5370922256,-14.496149253731344,Channel 230
1378618.8148025894,432341.545868345,-14.289328358208957,Channel 231
1378613.9088921417,432334.5546444644,-14.082507462686568,Channel 232
1378609.0029816937,432327.5634205838,-13.87568656716418,Channel 233
1378604.097071246,432320.57219670323,-13.668865671641793,Channel 234
1378599.1911607983,432313.5809728226,-13.462044776119404,Channel 235
1378594.2852503506,432306.589748942,-13.255223880597017,Channel 236
1378589.3793399027,432299.59852506145,-13.048402985074627,Channel 237
1378584.473429455,432292.60730118083,-12.84158208955224,Channel 238
1378579.5675190073,432285.6160773002,-12.634761194029853,Channel 239
1378574.6616085595,432278.62485341966,-12.427940298507464,Channel 240
1378569.7556981118,432271.63362953905,-12.221119402985074,Channel 241
1378564.849787664,432264.64240565844,-12.014298507462687,Channel 242
1378559.9438772162,432257.6511817778,-11.8074776119403,Channel 243
1378555.0379667685,432250.65995789727,-11.600656716417912,Channel 244
1378550.1320563208,432243.66873401665,-11.393835820895523,Channel 245
1378545.2261458728,432236.67751013604,-11.187014925373134,Channel 246
1378540.3202354251,432229.6862862555,-10.980194029850747,Channel 247
1378535.4143249774,432222.69506237487,-10.77337313432836,Channel 248
1378530.5084145297,432215.70383849426,-10.566552238805972,Channel 249
1378525.6025040818,432208.7126146137,-10.359731343283583,Channel 250
1378520.696593634,432201.7213907331,-10.152910447761194,Channel 251
1378515.7906831864,432194.7301668525,-9.946089552238806,Channel 252
1378510.8847727387,432187.73894297186,-9.739268656716419,Channel 253
1378505.9788622907,432180.7477190913,-9.532447761194032,Channel 254
1378501.072951843,432173.7564952107,-9.325626865671643,Channel 255
1378496.1670413953,432166.7652713301,-9.118805970149253,Channel 256
1378491.2611309476,432159.7740474495,-8.911985074626866,Channel 257
1378486.3552204997,432152.7828235689,-8.705164179104479,Channel 258
1378481.449310052,432145.7915996883,-8.49834328358209,Channel 259
1378476.5433996043,432138.80037580774,-8.291522388059702,Channel 260
1378471.6374891566,432131.8091519271,-8.084701492537315,Channel 261
1378466.7315787086,432124.8179280465,-7.877880597014926,Channel 262
1378461.825668261,432117.8267041659,-7.671059701492538,Channel 263
1378456.9197578132,432110.83548028534,-7.464238805970149,Channel 264
1378452.0138473655,432103.8442564047,-7.257417910447762,Channel 265
1378447.1079369178,432096.8530325241,-7.050597014925373,Channel 266
1378442.2020264699,432089.86180864356,-6.843776119402985,Channel 267
1378437.2961160222,432082.87058476295,-6.636955223880598,Channel 268
1378432.3902055745,432075.87936088233,-6.430134328358209,Channel 269
1378427.4842951267,432068.8881370018,-6.2233134328358215,Channel 270
1378422.5783846788,432061.89691312116,-6.016492537313432,Channel 271
1378417.672474231,432054.90568924055,-5.809671641791045,Channel 272
1378412.7665637834,432047.91446535994,-5.602850746268658,Channel 273
1378407.8606533357,432040.9232414794,-5.3960298507462685,Channel 274
1378402.9547428878,432033.93201759877,-5.189208955223881,Channel 275
1378398.04883244,432026.94079371815,-4.982388059701492,Channel 276
1378393.1429219923,432019.9495698376,-4.775567164179105,Channel 277
1378388.2370115446,432012.958345957,-4.568746268656717,Channel 278
1378383.3311010967,432005.96712207637,-4.361925373134328,Channel 279
1378378.425190649,431998.9758981958,-4.155104477611941,Channel 280
1378373.5192802013,431991.9846743152,-3.9482835820895517,Channel 281
1378368.6133697536,431984.9934504346,-3.7414626865671643,Channel 282
1378363.7074593056,431978.002226554,-3.534641791044777,Channel 283
1378358.801548858,431971.0110026734,-3.327820895522388,Channel 284
1378353.8956384102,431964.0197787928,-3.121,Channel 285
1378353.8956384102,431964.0197787928,-3.121,Channel 286
1378351.2262384102,431963.46497879276,-3.0974,Channel 287
1378348.5568384102,431962.9101787928,-3.0738,Channel 288
1378345.8874384102,431962.35537879274,-3.0502000000000002,Channel 289
1378343.2180384102,431961.80057879275,-3.0266,Channel 290
1378340.5486384102,431961.2457787927,-3.003,Channel 291
1378340.5486384102,431961.2457787927,-3.003,Channel 292
1378338.537310824,431967.6912098272,-3.057637931034483,Channel 293
1378336.5259832377,431974.1366408617,-3.1122758620689654,Channel 294
1378334.5146556515,431980.5820718962,-3.1669137931034483,Channel 295
1378332.5033280654,431987.02750293066,-3.2215517241379312,Channel 296
1378330.4920004793,431993.47293396515,-3.2761896551724137,Channel 297
1378328.4806728929,431999.9183649996,-3.3308275862068966,Channel 298
1378326.4693453067,432006.3637960341,-3.3854655172413795,Channel 299
1378324.4580177206,432012.80922706856,-3.4401034482758623,Channel 300
1378322.4466901342,432019.25465810305,-3.494741379310345,Channel 301
1378320.435362548,432025.70008913754,-3.5493793103448277,Channel 302
1378318.424034962,432032.145520172,-3.60401724137931,Channel 303
1378316.4127073756,432038.5909512065,-3.658655172413793,Channel 304
1378314.4013797895,432045.036382241,-3.713293103448276,Channel 305
1378312.3900522033,432051.4818132755,-3.767931034482759,Channel 306
1378310.3787246172,432057.92724431,-3.8225689655172412,Channel 307
1378308.3673970308,432064.37267534446,-3.877206896551724,Channel 308
1378306.3560694447,432070.81810637895,-3.931844827586207,Channel 309
1378304.3447418585,432077.2635374134,-3.9864827586206895,Channel 310
1378302.3334142722,432083.70896844787,-4.041120689655172,Channel 311
1378300.322086686,432090.15439948236,-4.095758620689655,Channel 312
1378298.3107591,432096.59983051685,-4.150396551724138,Channel 313
1378296.2994315138,432103.04526155133,-4.20503448275862,Channel 314
1378294.2881039274,432109.4906925858,-4.259672413793103,Channel 315
1378292.2767763413,432115.9361236203,-4.314310344827586,Channel 316
1378290.2654487551,432122.3815546548,-4.368948275862069,Channel 317
1378288.2541211687,432128.8269856893,-4.423586206896552,Channel 318
1378286.2427935826,432135.2724167238,-4.478224137931035,Channel 319
1378284.2314659965,432141.71784775826,-4.5328620689655175,Channel 320
1378282.22013841,432148.16327879275,-4.5875,Channel 321
1378280.208810824,432154.6087098272,-4.642137931034482,Channel 322
1378278.1974832378,432161.05414086167,-4.696775862068965,Channel 323
1378276.1861556517,432167.49957189616,-4.751413793103448,Channel 324
1378274.1748280653,432173.94500293065,-4.806051724137931,Channel 325
1378272.1635004792,432180.39043396513,-4.860689655172414,Channel 326
1378270.152172893,432186.8358649996,-4.915327586206896,Channel 327
1378268.1408453067,432193.2812960341,-4.969965517241379,Channel 328
1378266.1295177205,432199.7267270686,-5.024603448275862,Channel 329
1378264.1181901344,432206.1721581031,-5.079241379310345,Channel 330
1378262.1068625483,432212.6175891376,-5.1338793103448275,Channel 331
1378260.095534962,432219.06302017206,-5.18851724137931,Channel 332
1378258.0842073758,432225.5084512065,-5.243155172413793,Channel 333
1378256.0728797896,432231.953882241,-5.297793103448276,Channel 334
1378254.0615522033,432238.39931327547,-5.352431034482759,Channel 335
1378252.0502246171,432244.84474430996,-5.407068965517241,Channel 336
1378250.038897031,432251.29017534445,-5.461706896551724,Channel 337
1378248.0275694449,432257.73560637893,-5.516344827586207,Channel 338
1378246.0162418585,432264.1810374134,-5.570982758620689,Channel 339
1378244.0049142723,432270.6264684479,-5.625620689655172,Channel 340
1378241.9935866862,432277.0718994824,-5.680258620689655,Channel 341
1378239.9822590998,432283.5173305169,-5.7348965517241375,Channel 342
1378237.9709315137,432289.9627615514,-5.78953448275862,Channel 343
1378235.9596039276,432296.40819258586,-5.844172413793103,Channel 344
1378233.9482763412,432302.8536236203,-5.898810344827586,Channel 345
1378231.936948755,432309.2990546548,-5.953448275862069,Channel 346
1378229.925621169,432315.74448568927,-6.008086206896552,Channel 347
1378227.9142935828,432322.18991672376,-6.062724137931034,Channel 348
1378225.9029659964,432328.63534775825,-6.117362068965517,Channel 349
1378223.8916384103,432335.08077879273,-6.172,Channel 350
